{
 "cells": [
  {
   "cell_type": "code",
   "execution_count": 7,
   "metadata": {
    "collapsed": true
   },
   "outputs": [],
   "source": [
    "import os\n",
    "import pickle\n",
    "import pandas as pd\n",
    "from pathlib import Path"
   ]
  },
  {
   "cell_type": "code",
   "execution_count": 9,
   "outputs": [],
   "source": [
    "# 피클 파일\n",
    "path = \"/Users/pjy97/Desktop/공부/NLP스터디/data/pickle_180_days_compare_kospi/yes_data/\"\n",
    "data_list = os.listdir(path)\n",
    "len(data_list)\n",
    "\n",
    "data_dict = {}\n",
    "\n",
    "\n",
    "for data_name in data_list:\n",
    "    with open(path + data_name, 'rb') as f:\n",
    "        data_dict[data_name] = pickle.load(f)"
   ],
   "metadata": {
    "collapsed": false
   }
  },
  {
   "cell_type": "code",
   "execution_count": 16,
   "outputs": [],
   "source": [
    "imp = data_dict['20171215.pkl'].loc[:, 0:5]"
   ],
   "metadata": {
    "collapsed": false
   }
  },
  {
   "cell_type": "code",
   "execution_count": 46,
   "outputs": [],
   "source": [
    "imp = data_dict['20171215.pkl'].loc[:, 0:].astype(float)"
   ],
   "metadata": {
    "collapsed": false
   }
  },
  {
   "cell_type": "code",
   "execution_count": 51,
   "outputs": [
    {
     "data": {
      "text/plain": "주가번호      393929    394109    393906    393966    394151    393918    394044  \\\n주가번호                                                                           \n393929  1.000000  0.319159 -0.585353 -0.585353 -0.044792  0.331748 -0.055021   \n394109  0.319159  1.000000 -0.268156 -0.268156 -0.202244  0.317355 -0.196748   \n393906 -0.585353 -0.268156  1.000000  1.000000  0.311092 -0.444623  0.365917   \n393966 -0.585353 -0.268156  1.000000  1.000000  0.311092 -0.444623  0.365917   \n394151 -0.044792 -0.202244  0.311092  0.311092  1.000000 -0.485418  0.508721   \n393918  0.331748  0.317355 -0.444623 -0.444623 -0.485418  1.000000 -0.618059   \n394044 -0.055021 -0.196748  0.365917  0.365917  0.508721 -0.618059  1.000000   \n394083  0.466685  0.645672 -0.536000 -0.536000 -0.089207  0.545203 -0.306565   \n395295 -0.024558 -0.108132 -0.021949 -0.021949  0.389707 -0.405290  0.567219   \n393952  0.360574  0.439815 -0.377990 -0.377990 -0.384574  0.760998 -0.521384   \n393943  0.474162  0.226227 -0.663147 -0.663147 -0.096328  0.308813 -0.300983   \n394042  0.192871  0.501514 -0.540864 -0.540864 -0.409105  0.733394 -0.620180   \n395294  0.021893  0.482722 -0.303399 -0.303399 -0.478074  0.744494 -0.825752   \n394210  0.196633  0.022418 -0.201179 -0.201179  0.423563 -0.006234  0.165892   \n395293 -0.062821 -0.107996  0.082865  0.082865  0.371632 -0.304346  0.628813   \n393847 -0.230353  0.509380 -0.077339 -0.077339 -0.271924  0.201679 -0.230418   \n393950  0.607785  0.351331 -0.626189 -0.626189 -0.295019  0.705418 -0.379533   \n393930  0.607785  0.351331 -0.626189 -0.626189 -0.295019  0.705418 -0.379533   \n393931  0.071089 -0.032453  0.038726  0.038726  0.014805  0.221368  0.097144   \n393879  0.402821  0.150548 -0.618462 -0.618462 -0.098037  0.179690 -0.114516   \n394071 -0.487474 -0.116683  0.515314  0.515314  0.336204 -0.537823  0.229514   \n395292  0.293195  0.353867 -0.558565 -0.558565 -0.212077  0.798982 -0.562014   \n393913 -0.105830 -0.468740  0.528698  0.528698  0.648180 -0.741768  0.706427   \n393876 -0.105830 -0.468740  0.528698  0.528698  0.648180 -0.741768  0.706427   \n394128  0.483632  0.234799 -0.089825 -0.089825  0.274689 -0.133609  0.261846   \n393951  0.483632  0.234799 -0.089825 -0.089825  0.274689 -0.133609  0.261846   \n393956  0.483632  0.234799 -0.089825 -0.089825  0.274689 -0.133609  0.261846   \n394006  0.483632  0.234799 -0.089825 -0.089825  0.274689 -0.133609  0.261846   \n393857  0.483632  0.234799 -0.089825 -0.089825  0.274689 -0.133609  0.261846   \n393928  0.588047  0.424877 -0.561710 -0.561710 -0.175879  0.446265  0.048414   \n394142  0.330686  0.147458 -0.463273 -0.463273 -0.314380  0.384230  0.034593   \n394051  0.090452 -0.014751  0.143058  0.143058  0.222281 -0.407048  0.655971   \n393864  0.482539  0.101390 -0.671819 -0.671819  0.220668  0.327340 -0.129977   \n393984  0.254147  0.579787 -0.205584 -0.205584 -0.077162  0.152359  0.176406   \n393872  0.838181  0.246301 -0.691463 -0.691463 -0.097578  0.611099 -0.332521   \n393933  0.722506  0.391575 -0.591976 -0.591976 -0.114680  0.418768  0.128502   \n\n주가번호      394083    395295    393952  ...    393956    394006    393857  \\\n주가번호                                  ...                                 \n393929  0.466685 -0.024558  0.360574  ...  0.483632  0.483632  0.483632   \n394109  0.645672 -0.108132  0.439815  ...  0.234799  0.234799  0.234799   \n393906 -0.536000 -0.021949 -0.377990  ... -0.089825 -0.089825 -0.089825   \n393966 -0.536000 -0.021949 -0.377990  ... -0.089825 -0.089825 -0.089825   \n394151 -0.089207  0.389707 -0.384574  ...  0.274689  0.274689  0.274689   \n393918  0.545203 -0.405290  0.760998  ... -0.133609 -0.133609 -0.133609   \n394044 -0.306565  0.567219 -0.521384  ...  0.261846  0.261846  0.261846   \n394083  1.000000  0.073308  0.600335  ...  0.009360  0.009360  0.009360   \n395295  0.073308  1.000000 -0.153828  ... -0.101377 -0.101377 -0.101377   \n393952  0.600335 -0.153828  1.000000  ... -0.170797 -0.170797 -0.170797   \n393943  0.457138  0.205633  0.394596  ...  0.084631  0.084631  0.084631   \n394042  0.628948 -0.201334  0.623569  ... -0.187002 -0.187002 -0.187002   \n395294  0.547545 -0.450754  0.654344  ... -0.303618 -0.303618 -0.303618   \n394210  0.357975  0.513568 -0.007998  ... -0.030477 -0.030477 -0.030477   \n395293  0.130268  0.741605 -0.196440  ... -0.111257 -0.111257 -0.111257   \n393847  0.440598  0.198926  0.486492  ... -0.358146 -0.358146 -0.358146   \n393950  0.455906 -0.315091  0.531434  ...  0.311620  0.311620  0.311620   \n393930  0.455906 -0.315091  0.531434  ...  0.311620  0.311620  0.311620   \n393931  0.216175  0.379774  0.487006  ... -0.475164 -0.475164 -0.475164   \n393879  0.297054  0.257152  0.286155  ... -0.033639 -0.033639 -0.033639   \n394071 -0.144887  0.413648 -0.313128  ... -0.267378 -0.267378 -0.267378   \n395292  0.703433 -0.085336  0.705480  ... -0.188861 -0.188861 -0.188861   \n393913 -0.573218  0.285057 -0.723814  ...  0.320053  0.320053  0.320053   \n393876 -0.573218  0.285057 -0.723814  ...  0.320053  0.320053  0.320053   \n394128  0.009360 -0.101377 -0.170797  ...  1.000000  1.000000  1.000000   \n393951  0.009360 -0.101377 -0.170797  ...  1.000000  1.000000  1.000000   \n393956  0.009360 -0.101377 -0.170797  ...  1.000000  1.000000  1.000000   \n394006  0.009360 -0.101377 -0.170797  ...  1.000000  1.000000  1.000000   \n393857  0.009360 -0.101377 -0.170797  ...  1.000000  1.000000  1.000000   \n393928  0.431064  0.042753  0.421901  ...  0.396393  0.396393  0.396393   \n394142  0.306700  0.362056  0.582530  ... -0.120883 -0.120883 -0.120883   \n394051 -0.233257  0.341166 -0.158024  ...  0.356697  0.356697  0.356697   \n393864  0.500564  0.354872  0.374241  ...  0.109688  0.109688  0.109688   \n393984  0.314535  0.003921  0.277605  ...  0.485726  0.485726  0.485726   \n393872  0.522378 -0.186387  0.513075  ...  0.353992  0.353992  0.353992   \n393933  0.459307  0.086458  0.406519  ...  0.444138  0.444138  0.444138   \n\n주가번호      393928    394142    394051    393864    393984    393872    393933  \n주가번호                                                                          \n393929  0.588047  0.330686  0.090452  0.482539  0.254147  0.838181  0.722506  \n394109  0.424877  0.147458 -0.014751  0.101390  0.579787  0.246301  0.391575  \n393906 -0.561710 -0.463273  0.143058 -0.671819 -0.205584 -0.691463 -0.591976  \n393966 -0.561710 -0.463273  0.143058 -0.671819 -0.205584 -0.691463 -0.591976  \n394151 -0.175879 -0.314380  0.222281  0.220668 -0.077162 -0.097578 -0.114680  \n393918  0.446265  0.384230 -0.407048  0.327340  0.152359  0.611099  0.418768  \n394044  0.048414  0.034593  0.655971 -0.129977  0.176406 -0.332521  0.128502  \n394083  0.431064  0.306700 -0.233257  0.500564  0.314535  0.522378  0.459307  \n395295  0.042753  0.362056  0.341166  0.354872  0.003921 -0.186387  0.086458  \n393952  0.421901  0.582530 -0.158024  0.374241  0.277605  0.513075  0.406519  \n393943  0.427147  0.474121  0.000101  0.735038  0.169337  0.539204  0.419944  \n394042  0.367898  0.333740 -0.541265  0.421854  0.181983  0.399598  0.333783  \n395294  0.108811  0.083090 -0.645272  0.132544  0.036485  0.283244  0.019587  \n394210 -0.018671  0.157938 -0.083558  0.562261 -0.182944  0.147806  0.086822  \n395293 -0.082255  0.235683  0.242344  0.240104 -0.098900 -0.250053  0.033099  \n393847  0.087841  0.418035 -0.058697  0.096724  0.291214 -0.191844 -0.007540  \n393950  0.746389  0.331802 -0.024597  0.420568  0.416944  0.813566  0.718810  \n393930  0.746389  0.331802 -0.024597  0.420568  0.416944  0.813566  0.718810  \n393931  0.041067  0.525871 -0.037034  0.215067 -0.152271  0.054036  0.106577  \n393879  0.490722  0.525868  0.167555  0.594119  0.216664  0.477516  0.469174  \n394071 -0.740253 -0.280033 -0.022204 -0.273229 -0.435541 -0.679987 -0.711078  \n395292  0.363087  0.413411 -0.468207  0.636046  0.082493  0.548510  0.353506  \n393913 -0.301112 -0.405698  0.430807 -0.226383 -0.195831 -0.335028 -0.236460  \n393876 -0.301112 -0.405698  0.430807 -0.226383 -0.195831 -0.335028 -0.236460  \n394128  0.396393 -0.120883  0.356697  0.109688  0.485726  0.353992  0.444138  \n393951  0.396393 -0.120883  0.356697  0.109688  0.485726  0.353992  0.444138  \n393956  0.396393 -0.120883  0.356697  0.109688  0.485726  0.353992  0.444138  \n394006  0.396393 -0.120883  0.356697  0.109688  0.485726  0.353992  0.444138  \n393857  0.396393 -0.120883  0.356697  0.109688  0.485726  0.353992  0.444138  \n393928  1.000000  0.595549  0.277871  0.471873  0.758165  0.679477  0.934527  \n394142  0.595549  1.000000  0.268075  0.472572  0.348844  0.363895  0.581718  \n394051  0.277871  0.268075  1.000000 -0.059704  0.453611 -0.099302  0.303968  \n393864  0.471873  0.472572 -0.059704  1.000000  0.168457  0.627887  0.528077  \n393984  0.758165  0.348844  0.453611  0.168457  1.000000  0.279176  0.675639  \n393872  0.679477  0.363895 -0.099302  0.627887  0.279176  1.000000  0.734013  \n393933  0.934527  0.581718  0.303968  0.528077  0.675639  0.734013  1.000000  \n\n[36 rows x 36 columns]",
      "text/html": "<div>\n<style scoped>\n    .dataframe tbody tr th:only-of-type {\n        vertical-align: middle;\n    }\n\n    .dataframe tbody tr th {\n        vertical-align: top;\n    }\n\n    .dataframe thead th {\n        text-align: right;\n    }\n</style>\n<table border=\"1\" class=\"dataframe\">\n  <thead>\n    <tr style=\"text-align: right;\">\n      <th>주가번호</th>\n      <th>393929</th>\n      <th>394109</th>\n      <th>393906</th>\n      <th>393966</th>\n      <th>394151</th>\n      <th>393918</th>\n      <th>394044</th>\n      <th>394083</th>\n      <th>395295</th>\n      <th>393952</th>\n      <th>...</th>\n      <th>393956</th>\n      <th>394006</th>\n      <th>393857</th>\n      <th>393928</th>\n      <th>394142</th>\n      <th>394051</th>\n      <th>393864</th>\n      <th>393984</th>\n      <th>393872</th>\n      <th>393933</th>\n    </tr>\n    <tr>\n      <th>주가번호</th>\n      <th></th>\n      <th></th>\n      <th></th>\n      <th></th>\n      <th></th>\n      <th></th>\n      <th></th>\n      <th></th>\n      <th></th>\n      <th></th>\n      <th></th>\n      <th></th>\n      <th></th>\n      <th></th>\n      <th></th>\n      <th></th>\n      <th></th>\n      <th></th>\n      <th></th>\n      <th></th>\n      <th></th>\n    </tr>\n  </thead>\n  <tbody>\n    <tr>\n      <th>393929</th>\n      <td>1.000000</td>\n      <td>0.319159</td>\n      <td>-0.585353</td>\n      <td>-0.585353</td>\n      <td>-0.044792</td>\n      <td>0.331748</td>\n      <td>-0.055021</td>\n      <td>0.466685</td>\n      <td>-0.024558</td>\n      <td>0.360574</td>\n      <td>...</td>\n      <td>0.483632</td>\n      <td>0.483632</td>\n      <td>0.483632</td>\n      <td>0.588047</td>\n      <td>0.330686</td>\n      <td>0.090452</td>\n      <td>0.482539</td>\n      <td>0.254147</td>\n      <td>0.838181</td>\n      <td>0.722506</td>\n    </tr>\n    <tr>\n      <th>394109</th>\n      <td>0.319159</td>\n      <td>1.000000</td>\n      <td>-0.268156</td>\n      <td>-0.268156</td>\n      <td>-0.202244</td>\n      <td>0.317355</td>\n      <td>-0.196748</td>\n      <td>0.645672</td>\n      <td>-0.108132</td>\n      <td>0.439815</td>\n      <td>...</td>\n      <td>0.234799</td>\n      <td>0.234799</td>\n      <td>0.234799</td>\n      <td>0.424877</td>\n      <td>0.147458</td>\n      <td>-0.014751</td>\n      <td>0.101390</td>\n      <td>0.579787</td>\n      <td>0.246301</td>\n      <td>0.391575</td>\n    </tr>\n    <tr>\n      <th>393906</th>\n      <td>-0.585353</td>\n      <td>-0.268156</td>\n      <td>1.000000</td>\n      <td>1.000000</td>\n      <td>0.311092</td>\n      <td>-0.444623</td>\n      <td>0.365917</td>\n      <td>-0.536000</td>\n      <td>-0.021949</td>\n      <td>-0.377990</td>\n      <td>...</td>\n      <td>-0.089825</td>\n      <td>-0.089825</td>\n      <td>-0.089825</td>\n      <td>-0.561710</td>\n      <td>-0.463273</td>\n      <td>0.143058</td>\n      <td>-0.671819</td>\n      <td>-0.205584</td>\n      <td>-0.691463</td>\n      <td>-0.591976</td>\n    </tr>\n    <tr>\n      <th>393966</th>\n      <td>-0.585353</td>\n      <td>-0.268156</td>\n      <td>1.000000</td>\n      <td>1.000000</td>\n      <td>0.311092</td>\n      <td>-0.444623</td>\n      <td>0.365917</td>\n      <td>-0.536000</td>\n      <td>-0.021949</td>\n      <td>-0.377990</td>\n      <td>...</td>\n      <td>-0.089825</td>\n      <td>-0.089825</td>\n      <td>-0.089825</td>\n      <td>-0.561710</td>\n      <td>-0.463273</td>\n      <td>0.143058</td>\n      <td>-0.671819</td>\n      <td>-0.205584</td>\n      <td>-0.691463</td>\n      <td>-0.591976</td>\n    </tr>\n    <tr>\n      <th>394151</th>\n      <td>-0.044792</td>\n      <td>-0.202244</td>\n      <td>0.311092</td>\n      <td>0.311092</td>\n      <td>1.000000</td>\n      <td>-0.485418</td>\n      <td>0.508721</td>\n      <td>-0.089207</td>\n      <td>0.389707</td>\n      <td>-0.384574</td>\n      <td>...</td>\n      <td>0.274689</td>\n      <td>0.274689</td>\n      <td>0.274689</td>\n      <td>-0.175879</td>\n      <td>-0.314380</td>\n      <td>0.222281</td>\n      <td>0.220668</td>\n      <td>-0.077162</td>\n      <td>-0.097578</td>\n      <td>-0.114680</td>\n    </tr>\n    <tr>\n      <th>393918</th>\n      <td>0.331748</td>\n      <td>0.317355</td>\n      <td>-0.444623</td>\n      <td>-0.444623</td>\n      <td>-0.485418</td>\n      <td>1.000000</td>\n      <td>-0.618059</td>\n      <td>0.545203</td>\n      <td>-0.405290</td>\n      <td>0.760998</td>\n      <td>...</td>\n      <td>-0.133609</td>\n      <td>-0.133609</td>\n      <td>-0.133609</td>\n      <td>0.446265</td>\n      <td>0.384230</td>\n      <td>-0.407048</td>\n      <td>0.327340</td>\n      <td>0.152359</td>\n      <td>0.611099</td>\n      <td>0.418768</td>\n    </tr>\n    <tr>\n      <th>394044</th>\n      <td>-0.055021</td>\n      <td>-0.196748</td>\n      <td>0.365917</td>\n      <td>0.365917</td>\n      <td>0.508721</td>\n      <td>-0.618059</td>\n      <td>1.000000</td>\n      <td>-0.306565</td>\n      <td>0.567219</td>\n      <td>-0.521384</td>\n      <td>...</td>\n      <td>0.261846</td>\n      <td>0.261846</td>\n      <td>0.261846</td>\n      <td>0.048414</td>\n      <td>0.034593</td>\n      <td>0.655971</td>\n      <td>-0.129977</td>\n      <td>0.176406</td>\n      <td>-0.332521</td>\n      <td>0.128502</td>\n    </tr>\n    <tr>\n      <th>394083</th>\n      <td>0.466685</td>\n      <td>0.645672</td>\n      <td>-0.536000</td>\n      <td>-0.536000</td>\n      <td>-0.089207</td>\n      <td>0.545203</td>\n      <td>-0.306565</td>\n      <td>1.000000</td>\n      <td>0.073308</td>\n      <td>0.600335</td>\n      <td>...</td>\n      <td>0.009360</td>\n      <td>0.009360</td>\n      <td>0.009360</td>\n      <td>0.431064</td>\n      <td>0.306700</td>\n      <td>-0.233257</td>\n      <td>0.500564</td>\n      <td>0.314535</td>\n      <td>0.522378</td>\n      <td>0.459307</td>\n    </tr>\n    <tr>\n      <th>395295</th>\n      <td>-0.024558</td>\n      <td>-0.108132</td>\n      <td>-0.021949</td>\n      <td>-0.021949</td>\n      <td>0.389707</td>\n      <td>-0.405290</td>\n      <td>0.567219</td>\n      <td>0.073308</td>\n      <td>1.000000</td>\n      <td>-0.153828</td>\n      <td>...</td>\n      <td>-0.101377</td>\n      <td>-0.101377</td>\n      <td>-0.101377</td>\n      <td>0.042753</td>\n      <td>0.362056</td>\n      <td>0.341166</td>\n      <td>0.354872</td>\n      <td>0.003921</td>\n      <td>-0.186387</td>\n      <td>0.086458</td>\n    </tr>\n    <tr>\n      <th>393952</th>\n      <td>0.360574</td>\n      <td>0.439815</td>\n      <td>-0.377990</td>\n      <td>-0.377990</td>\n      <td>-0.384574</td>\n      <td>0.760998</td>\n      <td>-0.521384</td>\n      <td>0.600335</td>\n      <td>-0.153828</td>\n      <td>1.000000</td>\n      <td>...</td>\n      <td>-0.170797</td>\n      <td>-0.170797</td>\n      <td>-0.170797</td>\n      <td>0.421901</td>\n      <td>0.582530</td>\n      <td>-0.158024</td>\n      <td>0.374241</td>\n      <td>0.277605</td>\n      <td>0.513075</td>\n      <td>0.406519</td>\n    </tr>\n    <tr>\n      <th>393943</th>\n      <td>0.474162</td>\n      <td>0.226227</td>\n      <td>-0.663147</td>\n      <td>-0.663147</td>\n      <td>-0.096328</td>\n      <td>0.308813</td>\n      <td>-0.300983</td>\n      <td>0.457138</td>\n      <td>0.205633</td>\n      <td>0.394596</td>\n      <td>...</td>\n      <td>0.084631</td>\n      <td>0.084631</td>\n      <td>0.084631</td>\n      <td>0.427147</td>\n      <td>0.474121</td>\n      <td>0.000101</td>\n      <td>0.735038</td>\n      <td>0.169337</td>\n      <td>0.539204</td>\n      <td>0.419944</td>\n    </tr>\n    <tr>\n      <th>394042</th>\n      <td>0.192871</td>\n      <td>0.501514</td>\n      <td>-0.540864</td>\n      <td>-0.540864</td>\n      <td>-0.409105</td>\n      <td>0.733394</td>\n      <td>-0.620180</td>\n      <td>0.628948</td>\n      <td>-0.201334</td>\n      <td>0.623569</td>\n      <td>...</td>\n      <td>-0.187002</td>\n      <td>-0.187002</td>\n      <td>-0.187002</td>\n      <td>0.367898</td>\n      <td>0.333740</td>\n      <td>-0.541265</td>\n      <td>0.421854</td>\n      <td>0.181983</td>\n      <td>0.399598</td>\n      <td>0.333783</td>\n    </tr>\n    <tr>\n      <th>395294</th>\n      <td>0.021893</td>\n      <td>0.482722</td>\n      <td>-0.303399</td>\n      <td>-0.303399</td>\n      <td>-0.478074</td>\n      <td>0.744494</td>\n      <td>-0.825752</td>\n      <td>0.547545</td>\n      <td>-0.450754</td>\n      <td>0.654344</td>\n      <td>...</td>\n      <td>-0.303618</td>\n      <td>-0.303618</td>\n      <td>-0.303618</td>\n      <td>0.108811</td>\n      <td>0.083090</td>\n      <td>-0.645272</td>\n      <td>0.132544</td>\n      <td>0.036485</td>\n      <td>0.283244</td>\n      <td>0.019587</td>\n    </tr>\n    <tr>\n      <th>394210</th>\n      <td>0.196633</td>\n      <td>0.022418</td>\n      <td>-0.201179</td>\n      <td>-0.201179</td>\n      <td>0.423563</td>\n      <td>-0.006234</td>\n      <td>0.165892</td>\n      <td>0.357975</td>\n      <td>0.513568</td>\n      <td>-0.007998</td>\n      <td>...</td>\n      <td>-0.030477</td>\n      <td>-0.030477</td>\n      <td>-0.030477</td>\n      <td>-0.018671</td>\n      <td>0.157938</td>\n      <td>-0.083558</td>\n      <td>0.562261</td>\n      <td>-0.182944</td>\n      <td>0.147806</td>\n      <td>0.086822</td>\n    </tr>\n    <tr>\n      <th>395293</th>\n      <td>-0.062821</td>\n      <td>-0.107996</td>\n      <td>0.082865</td>\n      <td>0.082865</td>\n      <td>0.371632</td>\n      <td>-0.304346</td>\n      <td>0.628813</td>\n      <td>0.130268</td>\n      <td>0.741605</td>\n      <td>-0.196440</td>\n      <td>...</td>\n      <td>-0.111257</td>\n      <td>-0.111257</td>\n      <td>-0.111257</td>\n      <td>-0.082255</td>\n      <td>0.235683</td>\n      <td>0.242344</td>\n      <td>0.240104</td>\n      <td>-0.098900</td>\n      <td>-0.250053</td>\n      <td>0.033099</td>\n    </tr>\n    <tr>\n      <th>393847</th>\n      <td>-0.230353</td>\n      <td>0.509380</td>\n      <td>-0.077339</td>\n      <td>-0.077339</td>\n      <td>-0.271924</td>\n      <td>0.201679</td>\n      <td>-0.230418</td>\n      <td>0.440598</td>\n      <td>0.198926</td>\n      <td>0.486492</td>\n      <td>...</td>\n      <td>-0.358146</td>\n      <td>-0.358146</td>\n      <td>-0.358146</td>\n      <td>0.087841</td>\n      <td>0.418035</td>\n      <td>-0.058697</td>\n      <td>0.096724</td>\n      <td>0.291214</td>\n      <td>-0.191844</td>\n      <td>-0.007540</td>\n    </tr>\n    <tr>\n      <th>393950</th>\n      <td>0.607785</td>\n      <td>0.351331</td>\n      <td>-0.626189</td>\n      <td>-0.626189</td>\n      <td>-0.295019</td>\n      <td>0.705418</td>\n      <td>-0.379533</td>\n      <td>0.455906</td>\n      <td>-0.315091</td>\n      <td>0.531434</td>\n      <td>...</td>\n      <td>0.311620</td>\n      <td>0.311620</td>\n      <td>0.311620</td>\n      <td>0.746389</td>\n      <td>0.331802</td>\n      <td>-0.024597</td>\n      <td>0.420568</td>\n      <td>0.416944</td>\n      <td>0.813566</td>\n      <td>0.718810</td>\n    </tr>\n    <tr>\n      <th>393930</th>\n      <td>0.607785</td>\n      <td>0.351331</td>\n      <td>-0.626189</td>\n      <td>-0.626189</td>\n      <td>-0.295019</td>\n      <td>0.705418</td>\n      <td>-0.379533</td>\n      <td>0.455906</td>\n      <td>-0.315091</td>\n      <td>0.531434</td>\n      <td>...</td>\n      <td>0.311620</td>\n      <td>0.311620</td>\n      <td>0.311620</td>\n      <td>0.746389</td>\n      <td>0.331802</td>\n      <td>-0.024597</td>\n      <td>0.420568</td>\n      <td>0.416944</td>\n      <td>0.813566</td>\n      <td>0.718810</td>\n    </tr>\n    <tr>\n      <th>393931</th>\n      <td>0.071089</td>\n      <td>-0.032453</td>\n      <td>0.038726</td>\n      <td>0.038726</td>\n      <td>0.014805</td>\n      <td>0.221368</td>\n      <td>0.097144</td>\n      <td>0.216175</td>\n      <td>0.379774</td>\n      <td>0.487006</td>\n      <td>...</td>\n      <td>-0.475164</td>\n      <td>-0.475164</td>\n      <td>-0.475164</td>\n      <td>0.041067</td>\n      <td>0.525871</td>\n      <td>-0.037034</td>\n      <td>0.215067</td>\n      <td>-0.152271</td>\n      <td>0.054036</td>\n      <td>0.106577</td>\n    </tr>\n    <tr>\n      <th>393879</th>\n      <td>0.402821</td>\n      <td>0.150548</td>\n      <td>-0.618462</td>\n      <td>-0.618462</td>\n      <td>-0.098037</td>\n      <td>0.179690</td>\n      <td>-0.114516</td>\n      <td>0.297054</td>\n      <td>0.257152</td>\n      <td>0.286155</td>\n      <td>...</td>\n      <td>-0.033639</td>\n      <td>-0.033639</td>\n      <td>-0.033639</td>\n      <td>0.490722</td>\n      <td>0.525868</td>\n      <td>0.167555</td>\n      <td>0.594119</td>\n      <td>0.216664</td>\n      <td>0.477516</td>\n      <td>0.469174</td>\n    </tr>\n    <tr>\n      <th>394071</th>\n      <td>-0.487474</td>\n      <td>-0.116683</td>\n      <td>0.515314</td>\n      <td>0.515314</td>\n      <td>0.336204</td>\n      <td>-0.537823</td>\n      <td>0.229514</td>\n      <td>-0.144887</td>\n      <td>0.413648</td>\n      <td>-0.313128</td>\n      <td>...</td>\n      <td>-0.267378</td>\n      <td>-0.267378</td>\n      <td>-0.267378</td>\n      <td>-0.740253</td>\n      <td>-0.280033</td>\n      <td>-0.022204</td>\n      <td>-0.273229</td>\n      <td>-0.435541</td>\n      <td>-0.679987</td>\n      <td>-0.711078</td>\n    </tr>\n    <tr>\n      <th>395292</th>\n      <td>0.293195</td>\n      <td>0.353867</td>\n      <td>-0.558565</td>\n      <td>-0.558565</td>\n      <td>-0.212077</td>\n      <td>0.798982</td>\n      <td>-0.562014</td>\n      <td>0.703433</td>\n      <td>-0.085336</td>\n      <td>0.705480</td>\n      <td>...</td>\n      <td>-0.188861</td>\n      <td>-0.188861</td>\n      <td>-0.188861</td>\n      <td>0.363087</td>\n      <td>0.413411</td>\n      <td>-0.468207</td>\n      <td>0.636046</td>\n      <td>0.082493</td>\n      <td>0.548510</td>\n      <td>0.353506</td>\n    </tr>\n    <tr>\n      <th>393913</th>\n      <td>-0.105830</td>\n      <td>-0.468740</td>\n      <td>0.528698</td>\n      <td>0.528698</td>\n      <td>0.648180</td>\n      <td>-0.741768</td>\n      <td>0.706427</td>\n      <td>-0.573218</td>\n      <td>0.285057</td>\n      <td>-0.723814</td>\n      <td>...</td>\n      <td>0.320053</td>\n      <td>0.320053</td>\n      <td>0.320053</td>\n      <td>-0.301112</td>\n      <td>-0.405698</td>\n      <td>0.430807</td>\n      <td>-0.226383</td>\n      <td>-0.195831</td>\n      <td>-0.335028</td>\n      <td>-0.236460</td>\n    </tr>\n    <tr>\n      <th>393876</th>\n      <td>-0.105830</td>\n      <td>-0.468740</td>\n      <td>0.528698</td>\n      <td>0.528698</td>\n      <td>0.648180</td>\n      <td>-0.741768</td>\n      <td>0.706427</td>\n      <td>-0.573218</td>\n      <td>0.285057</td>\n      <td>-0.723814</td>\n      <td>...</td>\n      <td>0.320053</td>\n      <td>0.320053</td>\n      <td>0.320053</td>\n      <td>-0.301112</td>\n      <td>-0.405698</td>\n      <td>0.430807</td>\n      <td>-0.226383</td>\n      <td>-0.195831</td>\n      <td>-0.335028</td>\n      <td>-0.236460</td>\n    </tr>\n    <tr>\n      <th>394128</th>\n      <td>0.483632</td>\n      <td>0.234799</td>\n      <td>-0.089825</td>\n      <td>-0.089825</td>\n      <td>0.274689</td>\n      <td>-0.133609</td>\n      <td>0.261846</td>\n      <td>0.009360</td>\n      <td>-0.101377</td>\n      <td>-0.170797</td>\n      <td>...</td>\n      <td>1.000000</td>\n      <td>1.000000</td>\n      <td>1.000000</td>\n      <td>0.396393</td>\n      <td>-0.120883</td>\n      <td>0.356697</td>\n      <td>0.109688</td>\n      <td>0.485726</td>\n      <td>0.353992</td>\n      <td>0.444138</td>\n    </tr>\n    <tr>\n      <th>393951</th>\n      <td>0.483632</td>\n      <td>0.234799</td>\n      <td>-0.089825</td>\n      <td>-0.089825</td>\n      <td>0.274689</td>\n      <td>-0.133609</td>\n      <td>0.261846</td>\n      <td>0.009360</td>\n      <td>-0.101377</td>\n      <td>-0.170797</td>\n      <td>...</td>\n      <td>1.000000</td>\n      <td>1.000000</td>\n      <td>1.000000</td>\n      <td>0.396393</td>\n      <td>-0.120883</td>\n      <td>0.356697</td>\n      <td>0.109688</td>\n      <td>0.485726</td>\n      <td>0.353992</td>\n      <td>0.444138</td>\n    </tr>\n    <tr>\n      <th>393956</th>\n      <td>0.483632</td>\n      <td>0.234799</td>\n      <td>-0.089825</td>\n      <td>-0.089825</td>\n      <td>0.274689</td>\n      <td>-0.133609</td>\n      <td>0.261846</td>\n      <td>0.009360</td>\n      <td>-0.101377</td>\n      <td>-0.170797</td>\n      <td>...</td>\n      <td>1.000000</td>\n      <td>1.000000</td>\n      <td>1.000000</td>\n      <td>0.396393</td>\n      <td>-0.120883</td>\n      <td>0.356697</td>\n      <td>0.109688</td>\n      <td>0.485726</td>\n      <td>0.353992</td>\n      <td>0.444138</td>\n    </tr>\n    <tr>\n      <th>394006</th>\n      <td>0.483632</td>\n      <td>0.234799</td>\n      <td>-0.089825</td>\n      <td>-0.089825</td>\n      <td>0.274689</td>\n      <td>-0.133609</td>\n      <td>0.261846</td>\n      <td>0.009360</td>\n      <td>-0.101377</td>\n      <td>-0.170797</td>\n      <td>...</td>\n      <td>1.000000</td>\n      <td>1.000000</td>\n      <td>1.000000</td>\n      <td>0.396393</td>\n      <td>-0.120883</td>\n      <td>0.356697</td>\n      <td>0.109688</td>\n      <td>0.485726</td>\n      <td>0.353992</td>\n      <td>0.444138</td>\n    </tr>\n    <tr>\n      <th>393857</th>\n      <td>0.483632</td>\n      <td>0.234799</td>\n      <td>-0.089825</td>\n      <td>-0.089825</td>\n      <td>0.274689</td>\n      <td>-0.133609</td>\n      <td>0.261846</td>\n      <td>0.009360</td>\n      <td>-0.101377</td>\n      <td>-0.170797</td>\n      <td>...</td>\n      <td>1.000000</td>\n      <td>1.000000</td>\n      <td>1.000000</td>\n      <td>0.396393</td>\n      <td>-0.120883</td>\n      <td>0.356697</td>\n      <td>0.109688</td>\n      <td>0.485726</td>\n      <td>0.353992</td>\n      <td>0.444138</td>\n    </tr>\n    <tr>\n      <th>393928</th>\n      <td>0.588047</td>\n      <td>0.424877</td>\n      <td>-0.561710</td>\n      <td>-0.561710</td>\n      <td>-0.175879</td>\n      <td>0.446265</td>\n      <td>0.048414</td>\n      <td>0.431064</td>\n      <td>0.042753</td>\n      <td>0.421901</td>\n      <td>...</td>\n      <td>0.396393</td>\n      <td>0.396393</td>\n      <td>0.396393</td>\n      <td>1.000000</td>\n      <td>0.595549</td>\n      <td>0.277871</td>\n      <td>0.471873</td>\n      <td>0.758165</td>\n      <td>0.679477</td>\n      <td>0.934527</td>\n    </tr>\n    <tr>\n      <th>394142</th>\n      <td>0.330686</td>\n      <td>0.147458</td>\n      <td>-0.463273</td>\n      <td>-0.463273</td>\n      <td>-0.314380</td>\n      <td>0.384230</td>\n      <td>0.034593</td>\n      <td>0.306700</td>\n      <td>0.362056</td>\n      <td>0.582530</td>\n      <td>...</td>\n      <td>-0.120883</td>\n      <td>-0.120883</td>\n      <td>-0.120883</td>\n      <td>0.595549</td>\n      <td>1.000000</td>\n      <td>0.268075</td>\n      <td>0.472572</td>\n      <td>0.348844</td>\n      <td>0.363895</td>\n      <td>0.581718</td>\n    </tr>\n    <tr>\n      <th>394051</th>\n      <td>0.090452</td>\n      <td>-0.014751</td>\n      <td>0.143058</td>\n      <td>0.143058</td>\n      <td>0.222281</td>\n      <td>-0.407048</td>\n      <td>0.655971</td>\n      <td>-0.233257</td>\n      <td>0.341166</td>\n      <td>-0.158024</td>\n      <td>...</td>\n      <td>0.356697</td>\n      <td>0.356697</td>\n      <td>0.356697</td>\n      <td>0.277871</td>\n      <td>0.268075</td>\n      <td>1.000000</td>\n      <td>-0.059704</td>\n      <td>0.453611</td>\n      <td>-0.099302</td>\n      <td>0.303968</td>\n    </tr>\n    <tr>\n      <th>393864</th>\n      <td>0.482539</td>\n      <td>0.101390</td>\n      <td>-0.671819</td>\n      <td>-0.671819</td>\n      <td>0.220668</td>\n      <td>0.327340</td>\n      <td>-0.129977</td>\n      <td>0.500564</td>\n      <td>0.354872</td>\n      <td>0.374241</td>\n      <td>...</td>\n      <td>0.109688</td>\n      <td>0.109688</td>\n      <td>0.109688</td>\n      <td>0.471873</td>\n      <td>0.472572</td>\n      <td>-0.059704</td>\n      <td>1.000000</td>\n      <td>0.168457</td>\n      <td>0.627887</td>\n      <td>0.528077</td>\n    </tr>\n    <tr>\n      <th>393984</th>\n      <td>0.254147</td>\n      <td>0.579787</td>\n      <td>-0.205584</td>\n      <td>-0.205584</td>\n      <td>-0.077162</td>\n      <td>0.152359</td>\n      <td>0.176406</td>\n      <td>0.314535</td>\n      <td>0.003921</td>\n      <td>0.277605</td>\n      <td>...</td>\n      <td>0.485726</td>\n      <td>0.485726</td>\n      <td>0.485726</td>\n      <td>0.758165</td>\n      <td>0.348844</td>\n      <td>0.453611</td>\n      <td>0.168457</td>\n      <td>1.000000</td>\n      <td>0.279176</td>\n      <td>0.675639</td>\n    </tr>\n    <tr>\n      <th>393872</th>\n      <td>0.838181</td>\n      <td>0.246301</td>\n      <td>-0.691463</td>\n      <td>-0.691463</td>\n      <td>-0.097578</td>\n      <td>0.611099</td>\n      <td>-0.332521</td>\n      <td>0.522378</td>\n      <td>-0.186387</td>\n      <td>0.513075</td>\n      <td>...</td>\n      <td>0.353992</td>\n      <td>0.353992</td>\n      <td>0.353992</td>\n      <td>0.679477</td>\n      <td>0.363895</td>\n      <td>-0.099302</td>\n      <td>0.627887</td>\n      <td>0.279176</td>\n      <td>1.000000</td>\n      <td>0.734013</td>\n    </tr>\n    <tr>\n      <th>393933</th>\n      <td>0.722506</td>\n      <td>0.391575</td>\n      <td>-0.591976</td>\n      <td>-0.591976</td>\n      <td>-0.114680</td>\n      <td>0.418768</td>\n      <td>0.128502</td>\n      <td>0.459307</td>\n      <td>0.086458</td>\n      <td>0.406519</td>\n      <td>...</td>\n      <td>0.444138</td>\n      <td>0.444138</td>\n      <td>0.444138</td>\n      <td>0.934527</td>\n      <td>0.581718</td>\n      <td>0.303968</td>\n      <td>0.528077</td>\n      <td>0.675639</td>\n      <td>0.734013</td>\n      <td>1.000000</td>\n    </tr>\n  </tbody>\n</table>\n<p>36 rows × 36 columns</p>\n</div>"
     },
     "execution_count": 51,
     "metadata": {},
     "output_type": "execute_result"
    }
   ],
   "source": [
    "imp.transpose().corr()"
   ],
   "metadata": {
    "collapsed": false
   }
  },
  {
   "cell_type": "code",
   "execution_count": 22,
   "outputs": [],
   "source": [
    "data = {\n",
    "    'Feature1': [1, 5, 2, 4, 7],\n",
    "    'Feature2': [5, 4, 3, 2, 9],\n",
    "    'Feature3': [2, 3, 4, 1, 8]\n",
    "}\n",
    "df = pd.DataFrame(data, index=['Row1', 'Row2', 'Row3', 'Row4', 'Row5'])"
   ],
   "metadata": {
    "collapsed": false
   }
  },
  {
   "cell_type": "code",
   "execution_count": 24,
   "outputs": [],
   "source": [
    "dfcorrelation_matrix_rows = df.transpose().corr()"
   ],
   "metadata": {
    "collapsed": false
   }
  },
  {
   "cell_type": "code",
   "execution_count": 25,
   "outputs": [
    {
     "data": {
      "text/plain": "          Row1      Row2      Row3      Row4      Row5\nRow1  1.000000 -0.240192  0.240192 -0.419314  0.960769\nRow2 -0.240192  1.000000 -1.000000  0.981981 -0.500000\nRow3  0.240192 -1.000000  1.000000 -0.981981  0.500000\nRow4 -0.419314  0.981981 -0.981981  1.000000 -0.654654\nRow5  0.960769 -0.500000  0.500000 -0.654654  1.000000",
      "text/html": "<div>\n<style scoped>\n    .dataframe tbody tr th:only-of-type {\n        vertical-align: middle;\n    }\n\n    .dataframe tbody tr th {\n        vertical-align: top;\n    }\n\n    .dataframe thead th {\n        text-align: right;\n    }\n</style>\n<table border=\"1\" class=\"dataframe\">\n  <thead>\n    <tr style=\"text-align: right;\">\n      <th></th>\n      <th>Row1</th>\n      <th>Row2</th>\n      <th>Row3</th>\n      <th>Row4</th>\n      <th>Row5</th>\n    </tr>\n  </thead>\n  <tbody>\n    <tr>\n      <th>Row1</th>\n      <td>1.000000</td>\n      <td>-0.240192</td>\n      <td>0.240192</td>\n      <td>-0.419314</td>\n      <td>0.960769</td>\n    </tr>\n    <tr>\n      <th>Row2</th>\n      <td>-0.240192</td>\n      <td>1.000000</td>\n      <td>-1.000000</td>\n      <td>0.981981</td>\n      <td>-0.500000</td>\n    </tr>\n    <tr>\n      <th>Row3</th>\n      <td>0.240192</td>\n      <td>-1.000000</td>\n      <td>1.000000</td>\n      <td>-0.981981</td>\n      <td>0.500000</td>\n    </tr>\n    <tr>\n      <th>Row4</th>\n      <td>-0.419314</td>\n      <td>0.981981</td>\n      <td>-0.981981</td>\n      <td>1.000000</td>\n      <td>-0.654654</td>\n    </tr>\n    <tr>\n      <th>Row5</th>\n      <td>0.960769</td>\n      <td>-0.500000</td>\n      <td>0.500000</td>\n      <td>-0.654654</td>\n      <td>1.000000</td>\n    </tr>\n  </tbody>\n</table>\n</div>"
     },
     "execution_count": 25,
     "metadata": {},
     "output_type": "execute_result"
    }
   ],
   "source": [
    "dfcorrelation_matrix_rows"
   ],
   "metadata": {
    "collapsed": false
   }
  },
  {
   "cell_type": "code",
   "execution_count": null,
   "outputs": [],
   "source": [],
   "metadata": {
    "collapsed": false
   }
  }
 ],
 "metadata": {
  "kernelspec": {
   "display_name": "Python 3",
   "language": "python",
   "name": "python3"
  },
  "language_info": {
   "codemirror_mode": {
    "name": "ipython",
    "version": 2
   },
   "file_extension": ".py",
   "mimetype": "text/x-python",
   "name": "python",
   "nbconvert_exporter": "python",
   "pygments_lexer": "ipython2",
   "version": "2.7.6"
  }
 },
 "nbformat": 4,
 "nbformat_minor": 0
}
